
-----------------------------------------------------------------

Namespace(epochs=100, num_users=100, frac=0.05, minibatch=0, lr=0.1, lr_decay=0.995, momentum=0.5, dataset='mnist', iid='false', num_classes=10, gpu=0, dp_mechanism='Laplace', dp_epsilon=100.0, dp_epsilon_global=0, dp_clip=50.0, runs=10)

  0,12.82
  1,13.14
  2,13.50
  3,13.98
  4,14.45
  5,15.04
  6,15.28
  7,15.94
  8,16.60
  9,16.84
 10,17.12
 11,17.86
 12,19.20
 13,19.49
 14,20.00
 15,20.47
 16,20.59
 17,21.35
 18,22.15
 19,22.23
 20,22.55
 21,24.58
 22,24.99
 23,24.88
 24,25.24
 25,26.13
 26,26.37
 27,27.14
 28,27.65
 29,28.02
 30,27.30
 31,27.86
 32,28.88
 33,29.32
 34,29.36
 35,29.75
 36,29.49
 37,29.04
 38,29.53
 39,30.07
 40,30.32
 41,30.60
 42,30.11
 43,30.76
 44,31.12
 45,31.44
 46,31.61
 47,32.12
 48,32.14
 49,32.62
 50,33.25
 51,34.06
 52,34.64
 53,35.09
 54,36.01
 55,36.50
 56,36.93
 57,37.07
 58,37.99
 59,38.40
 60,38.74
 61,39.74
 62,40.30
 63,40.47
 64,40.76
 65,40.73
 66,41.26
 67,41.46
 68,41.49
 69,42.06
 70,42.19
 71,42.31
 72,42.46
 73,42.90
 74,42.74
 75,42.61
 76,42.01
 77,41.96
 78,42.01
 79,41.89
 80,41.82
 81,41.87
 82,42.12
 83,42.35
 84,41.85
 85,41.84
 86,41.49
 87,41.77
 88,41.89
 89,41.90
 90,41.68
 91,41.47
 92,41.48
 93,41.44
 94,41.47
 95,41.12
 96,41.91
 97,41.88
 98,42.14
 99,41.74
Run 1 Of 10 Complete
  0,9.57
  1,9.60
  2,9.63
  3,9.63
  4,9.67
  5,9.78
  6,9.87
  7,9.86
  8,10.09
  9,10.15
 10,10.05
 11,10.04
 12,10.13
 13,10.24
 14,10.24
 15,10.34
 16,10.21
 17,10.55
 18,10.67
 19,11.00
 20,11.41
 21,11.99
 22,12.03
 23,12.29
 24,12.80
 25,12.93
 26,13.03
 27,13.42
 28,14.35
 29,14.18
 30,13.93
 31,14.06
 32,14.27
 33,14.82
 34,14.95
 35,15.17
 36,15.29
 37,15.92
 38,16.23
 39,16.30
 40,16.82
 41,17.18
 42,17.49
 43,17.70
 44,18.52
 45,18.55
 46,18.82
 47,19.41
 48,21.22
 49,21.87
 50,22.95
 51,24.37
 52,25.32
 53,25.72
 54,26.45
 55,27.28
 56,27.86
 57,28.19
 58,29.01
 59,29.27
 60,29.83
 61,30.20
 62,30.83
 63,31.01
 64,31.44
 65,31.71
 66,32.51
 67,32.63
 68,32.93
 69,33.20
 70,33.20
 71,33.55
 72,33.92
 73,34.46
 74,34.66
 75,34.76
 76,35.06
 77,34.98
 78,34.97
 79,35.10
 80,35.29
 81,35.44
 82,35.63
 83,36.16
 84,36.33
 85,36.36
 86,36.60
 87,36.74
 88,36.70
 89,36.79
 90,37.22
 91,37.11
 92,37.22
 93,37.61
 94,37.71
 95,37.92
 96,38.22
 97,38.77
 98,38.99
 99,38.98
Run 2 Of 10 Complete
  0,9.94
  1,10.07
  2,10.32
  3,10.48
  4,10.67
  5,11.08
  6,11.28
  7,11.68
  8,12.05
  9,12.27
 10,12.34
 11,12.59
 12,12.50
 13,12.94
 14,13.54
 15,13.91
 16,14.21
 17,14.48
 18,14.84
 19,14.94
 20,15.22
 21,15.78
 22,16.08
 23,16.55
 24,17.20
 25,17.89
 26,18.83
 27,19.99
 28,20.92
 29,21.84
 30,22.61
 31,23.67
 32,24.25
 33,25.34
 34,25.53
 35,25.66
 36,26.27
 37,27.34
 38,28.11
 39,28.66
 40,29.67
 41,30.50
 42,31.19
 43,32.08
 44,33.25
 45,34.14
 46,35.01
 47,35.33
 48,35.76
 49,36.16
 50,37.13
 51,37.56
 52,37.39
 53,38.37
 54,38.88
 55,39.35
 56,40.17
 57,40.76
 58,41.22
 59,41.30
 60,41.29
 61,41.87
 62,42.05
 63,42.64
 64,42.57
 65,43.08
 66,43.30
 67,43.41
 68,43.77
 69,43.43
 70,43.27
 71,43.35
 72,43.60
 73,43.92
 74,43.67
 75,43.40
 76,43.66
 77,43.73
 78,43.48
 79,43.25
 80,43.19
 81,43.13
 82,43.55
 83,43.52
 84,42.95
 85,43.39
 86,43.71
 87,43.89
 88,43.82
 89,43.93
 90,43.69
 91,43.92
 92,44.09
 93,44.37
 94,44.41
 95,44.42
 96,44.33
 97,44.36
 98,44.84
 99,44.59
Run 3 Of 10 Complete
  0,14.72
  1,14.52
  2,14.98
  3,15.21
  4,15.34
  5,15.41
  6,15.39
  7,15.68
  8,15.51
  9,15.40
 10,15.50
 11,15.54
 12,15.90
 13,15.84
 14,15.82
 15,15.80
 16,15.72
 17,15.59
 18,15.51
 19,15.68
 20,15.78
 21,15.87
 22,16.24
 23,16.37
 24,16.09
 25,16.15
 26,16.35
 27,16.50
 28,16.86
 29,16.79
 30,17.08
 31,17.50
 32,17.61
 33,17.79
 34,18.45
 35,18.93
 36,19.73
 37,19.97
 38,21.03
 39,21.70
 40,21.93
 41,23.21
 42,24.05
 43,24.19
 44,24.28
 45,24.39
 46,25.24
 47,26.13
 48,26.32
 49,27.12
 50,28.50
 51,29.27
 52,30.02
 53,30.88
 54,32.30
 55,33.40
 56,34.25
 57,34.85
 58,35.67
 59,36.45
 60,36.51
 61,37.13
 62,37.68
 63,38.47
 64,38.68
 65,38.69
 66,39.77
 67,40.73
 68,41.00
 69,41.11
 70,41.97
 71,42.85
 72,43.58
 73,43.93
 74,44.18
 75,45.15
 76,45.70
 77,45.61
 78,46.38
 79,47.20
 80,47.47
 81,47.81
 82,48.68
 83,49.34
 84,49.89
 85,50.17
 86,50.65
 87,51.30
 88,51.51
 89,51.98
 90,52.37
 91,53.06
 92,53.74
 93,54.29
 94,54.51
 95,54.64
 96,54.90
 97,54.96
 98,55.10
 99,55.53
Run 4 Of 10 Complete
  0,17.87
  1,17.66
  2,17.62
  3,17.10
  4,17.12
  5,16.65
  6,16.58
  7,16.46
  8,16.80
  9,17.12
 10,17.45
 11,17.74
 12,18.19
 13,19.01
 14,19.51
 15,19.92
 16,19.99
 17,20.71
 18,22.03
 19,22.05
 20,21.98
 21,23.14
 22,24.08
 23,24.50
 24,24.86
 25,24.87
 26,25.25
 27,25.09
 28,25.15
 29,25.17
 30,25.28
 31,25.22
 32,25.63
 33,25.70
 34,26.38
 35,26.90
 36,26.65
 37,26.40
 38,26.36
 39,26.07
 40,25.91
 41,26.40
 42,26.88
 43,27.46
 44,27.58
 45,27.31
 46,26.92
 47,26.88
 48,27.13
 49,28.25
 50,28.47
 51,28.76
 52,29.29
 53,29.30
 54,30.33
 55,30.73
 56,30.88
 57,31.41
 58,31.94
 59,32.24
 60,32.32
 61,32.62
 62,32.84
 63,33.21
 64,33.66
 65,33.66
 66,33.66
 67,33.99
 68,34.21
 69,34.35
 70,34.34
 71,34.17
 72,34.91
 73,35.26
 74,35.74
 75,36.02
 76,35.67
 77,36.27
 78,36.59
 79,36.41
 80,36.71
 81,36.97
 82,37.36
 83,37.42
 84,37.62
 85,37.58
 86,37.74
 87,37.97
 88,38.22
 89,38.32
 90,37.95
 91,38.03
 92,38.27
 93,38.71
 94,38.63
 95,39.27
 96,39.53
 97,40.16
 98,40.21
 99,41.05
Run 5 Of 10 Complete
  0,9.48
  1,9.50
  2,9.45
  3,9.37
  4,9.39
  5,9.51
  6,9.91
  7,10.58
  8,11.49
  9,12.36
 10,13.39
 11,15.12
 12,16.35
 13,17.56
 14,17.92
 15,18.24
 16,18.38
 17,18.60
 18,18.76
 19,18.56
 20,18.17
 21,18.20
 22,18.28
 23,18.27
 24,18.47
 25,18.29
 26,18.28
 27,18.33
 28,18.26
 29,18.35
 30,18.32
 31,18.39
 32,18.63
 33,19.07
 34,18.84
 35,18.95
 36,19.06
 37,18.78
 38,19.01
 39,18.77
 40,19.06
 41,19.45
 42,19.97
 43,19.81
 44,20.07
 45,20.56
 46,20.72
 47,21.72
 48,21.86
 49,22.24
 50,22.59
 51,22.78
 52,23.03
 53,23.73
 54,23.74
 55,23.80
 56,24.07
 57,23.90
 58,24.33
 59,24.27
 60,24.39
 61,24.63
 62,24.99
 63,25.05
 64,25.86
 65,26.25
 66,26.48
 67,26.96
 68,26.95
 69,27.65
 70,27.91
 71,28.04
 72,28.52
 73,28.75
 74,28.88
 75,29.40
 76,30.08
 77,30.42
 78,30.81
 79,30.80
 80,31.07
 81,31.87
 82,32.67
 83,32.84
 84,33.38
 85,33.60
 86,34.08
 87,34.83
 88,35.40
 89,36.22
 90,36.79
 91,36.89
 92,37.70
 93,38.32
 94,38.50
 95,39.03
 96,39.38
 97,39.59
 98,40.02
 99,40.37
Run 6 Of 10 Complete
  0,10.04
  1,10.14
  2,10.25
  3,10.46
  4,10.83
  5,10.93
  6,10.98
  7,11.11
  8,11.25
  9,11.58
 10,11.94
 11,12.16
 12,12.51
 13,13.03
 14,13.46
 15,13.89
 16,14.29
 17,14.49
 18,14.77
 19,14.92
 20,14.95
 21,15.51
 22,15.76
 23,16.27
 24,16.81
 25,17.70
 26,18.32
 27,18.76
 28,19.54
 29,20.20
 30,20.98
 31,21.59
 32,21.58
 33,22.17
 34,22.93
 35,23.79
 36,24.55
 37,25.01
 38,25.58
 39,26.18
 40,26.90
 41,27.12
 42,28.02
 43,28.29
 44,28.71
 45,28.84
 46,29.37
 47,29.74
 48,29.90
 49,30.08
 50,29.89
 51,29.98
 52,30.40
 53,30.44
 54,30.56
 55,30.65
 56,30.74
 57,31.05
 58,31.56
 59,31.60
 60,31.60
 61,31.76
 62,31.90
 63,32.06
 64,32.34
 65,31.91
 66,31.95
 67,31.98
 68,32.00
 69,31.46
 70,31.39
 71,31.63
 72,31.46
 73,31.95
 74,32.41
 75,32.65
 76,33.50
 77,34.07
 78,34.14
 79,34.60
 80,34.63
 81,34.57
 82,34.72
 83,35.42
 84,35.96
 85,36.30
 86,36.48
 87,36.81
 88,37.28
 89,37.63
 90,38.05
 91,38.43
 92,39.25
 93,39.24
 94,39.35
 95,40.10
 96,41.08
 97,41.61
 98,41.65
 99,41.71
Run 7 Of 10 Complete
  0,5.64
  1,5.89
  2,6.14
  3,6.43
  4,6.60
  5,6.89
  6,7.14
  7,7.23
  8,7.46
  9,7.78
 10,7.94
 11,8.12
 12,8.37
 13,8.49
 14,8.74
 15,8.94
 16,9.22
 17,10.07
 18,11.10
 19,12.67
 20,13.74
 21,14.14
 22,14.74
 23,15.30
 24,15.84
 25,16.18
 26,16.67
 27,17.03
 28,17.38
 29,17.69
 30,17.86
 31,18.26
 32,18.46
 33,18.84
 34,19.07
 35,19.25
 36,19.31
 37,19.48
 38,19.64
 39,19.53
 40,19.73
 41,20.12
 42,20.20
 43,20.36
 44,20.75
 45,20.98
 46,20.98
 47,20.77
 48,21.12
 49,21.17
 50,21.25
 51,21.66
 52,22.25
 53,22.13
 54,22.38
 55,22.62
 56,22.71
 57,22.83
 58,22.91
 59,23.01
 60,23.30
 61,23.65
 62,24.03
 63,24.17
 64,24.23
 65,24.53
 66,24.71
 67,24.87
 68,25.17
 69,25.50
 70,25.83
 71,26.24
 72,26.99
 73,26.80
 74,27.23
 75,27.39
 76,27.62
 77,28.48
 78,28.66
 79,28.98
 80,29.64
 81,29.97
 82,30.62
 83,30.98
 84,31.52
 85,32.45
 86,32.59
 87,32.97
 88,33.15
 89,33.42
 90,34.02
 91,34.31
 92,35.10
 93,35.61
 94,35.71
 95,36.36
 96,37.04
 97,37.51
 98,38.05
 99,38.60
Run 8 Of 10 Complete
  0,9.51
  1,9.54
  2,9.54
  3,9.47
  4,9.52
  5,9.68
  6,10.39
  7,11.32
  8,12.27
  9,13.59
 10,15.11
 11,16.21
 12,17.50
 13,18.15
 14,18.67
 15,18.81
 16,18.81
 17,18.89
 18,18.90
 19,18.68
 20,18.54
 21,18.52
 22,18.52
 23,18.64
 24,18.65
 25,18.41
 26,18.29
 27,17.75
 28,17.88
 29,17.66
 30,17.53
 31,17.89
 32,17.73
 33,17.81
 34,17.71
 35,18.04
 36,17.96
 37,18.02
 38,18.15
 39,18.45
 40,18.35
 41,18.78
 42,19.52
 43,20.49
 44,21.35
 45,21.68
 46,22.37
 47,23.55
 48,24.31
 49,25.03
 50,26.41
 51,27.28
 52,28.08
 53,29.21
 54,29.94
 55,30.58
 56,31.49
 57,32.38
 58,32.98
 59,33.89
 60,34.45
 61,34.85
 62,35.63
 63,36.51
 64,36.76
 65,37.18
 66,37.59
 67,37.93
 68,38.58
 69,38.72
 70,39.50
 71,39.80
 72,39.95
 73,40.28
 74,40.49
 75,41.03
 76,41.15
 77,41.40
 78,41.41
 79,41.75
 80,41.88
 81,42.06
 82,42.22
 83,42.46
 84,42.68
 85,42.77
 86,43.06
 87,43.45
 88,43.51
 89,43.76
 90,43.91
 91,44.15
 92,44.70
 93,44.95
 94,45.17
 95,45.03
 96,45.33
 97,45.72
 98,45.90
 99,46.05
Run 9 Of 10 Complete
  0,13.79
  1,14.53
  2,15.75
  3,16.77
  4,17.49
  5,17.79
  6,18.36
  7,19.09
  8,19.73
  9,20.02
 10,20.29
 11,20.71
 12,20.89
 13,21.20
 14,21.16
 15,21.22
 16,21.39
 17,21.70
 18,21.77
 19,21.77
 20,21.92
 21,22.01
 22,21.99
 23,21.89
 24,22.11
 25,21.96
 26,21.81
 27,21.64
 28,21.87
 29,21.99
 30,21.87
 31,21.85
 32,21.79
 33,21.75
 34,21.88
 35,22.06
 36,22.35
 37,22.35
 38,22.48
 39,22.86
 40,22.85
 41,22.68
 42,22.80
 43,23.06
 44,23.11
 45,23.34
 46,23.91
 47,23.95
 48,24.13
 49,24.29
 50,24.55
 51,24.90
 52,25.17
 53,25.74
 54,26.23
 55,26.44
 56,26.77
 57,27.22
 58,27.47
 59,27.80
 60,27.87
 61,28.60
 62,28.95
 63,29.57
 64,30.02
 65,30.48
 66,31.25
 67,31.35
 68,32.08
 69,32.64
 70,33.01
 71,33.96
 72,34.92
 73,35.44
 74,36.62
 75,37.25
 76,37.81
 77,38.02
 78,38.44
 79,38.92
 80,39.09
 81,39.46
 82,39.54
 83,39.72
 84,40.09
 85,40.01
 86,41.14
 87,41.33
 88,41.43
 89,41.22
 90,41.60
 91,42.65
 92,43.18
 93,43.46
 94,43.54
 95,43.49
 96,43.98
 97,44.00
 98,44.00
 99,44.04
Run 10 Of 10 Complete
11.338000
11.459000
11.718000
11.890000
12.108000
12.276000
12.518000
12.895000
13.325000
13.711000
14.113000
14.609000
15.154000
15.595000
15.906000
16.154000
16.281000
16.643000
17.050000
17.250000
17.426000
17.974000
18.271000
18.496000
18.807000
19.051000
19.320000
19.565000
19.986000
20.189000
20.276000
20.629000
20.883000
21.261000
21.510000
21.850000
22.066000
22.231000
22.612000
22.859000
23.154000
23.604000
24.023000
24.420000
24.874000
25.123000
25.495000
25.960000
26.389000
26.883000
27.499000
28.062000
28.559000
29.060999
29.682000
30.135000
30.587000
30.966000
31.508000
31.823000
32.030000
32.505000
32.920000
33.316000
33.632000
33.822000
34.248000
34.531000
34.818001
35.012000
35.261000
35.589999
36.031000
36.368999
36.662000
36.966000
37.226000
37.494000
37.689000
37.889999
38.079000
38.315000
38.711000
39.021000
39.227000
39.447000
39.754000
40.106001
40.291000
40.517000
40.728000
41.002000
41.473000
41.800000
41.900000
42.137999
42.570001
42.856000
43.090000
43.266000



-----------------------------------------------------------------

Namespace(epochs=100, num_users=100, frac=0.05, minibatch=0, lr=0.1, lr_decay=0.995, momentum=0.5, dataset='mnist', iid='false', num_classes=10, gpu=0, dp_mechanism='Laplace', dp_epsilon=50.0, dp_epsilon_global=0, dp_clip=50.0, runs=10)

  0,8.03
  1,8.10
  2,8.37
  3,8.69
  4,9.16
  5,9.49
  6,9.73
  7,9.71
  8,10.17
  9,10.54
 10,10.68
 11,11.26
 12,12.20
 13,12.38
 14,13.11
 15,13.55
 16,12.69
 17,13.17
 18,14.11
 19,14.86
 20,14.96
 21,15.94
 22,15.87
 23,16.36
 24,17.95
 25,18.00
 26,18.14
 27,19.11
 28,20.20
 29,21.38
 30,22.27
 31,23.54
 32,25.05
 33,25.69
 34,25.96
 35,26.73
 36,26.56
 37,26.88
 38,27.34
 39,27.51
 40,27.61
 41,27.59
 42,27.41
 43,27.54
 44,28.07
 45,28.22
 46,27.90
 47,27.20
 48,27.93
 49,27.63
 50,27.90
 51,27.80
 52,28.34
 53,28.91
 54,29.57
 55,29.50
 56,29.58
 57,29.22
 58,29.54
 59,29.67
 60,30.06
 61,29.55
 62,29.54
 63,29.86
 64,29.67
 65,29.92
 66,30.79
 67,30.37
 68,31.06
 69,31.32
 70,31.22
 71,31.35
 72,31.46
 73,31.17
 74,31.15
 75,31.15
 76,31.39
 77,31.70
 78,31.75
 79,31.53
 80,31.84
 81,31.94
 82,32.00
 83,31.80
 84,31.80
 85,32.67
 86,32.56
 87,32.60
 88,33.21
 89,33.14
 90,33.59
 91,33.98
 92,34.16
 93,34.50
 94,34.79
 95,35.30
 96,35.53
 97,35.65
 98,36.08
 99,36.01
Run 1 Of 10 Complete
  0,10.72
  1,10.93
  2,11.50
  3,11.41
  4,11.83
  5,12.71
  6,12.92
  7,13.12
  8,14.30
  9,15.23
 10,15.48
 11,16.10
 12,16.47
 13,17.66
 14,19.56
 15,19.33
 16,20.22
 17,19.84
 18,20.01
 19,21.31
 20,22.16
 21,23.72
 22,23.73
 23,23.37
 24,24.49
 25,24.72
 26,25.28
 27,26.28
 28,27.04
 29,27.48
 30,28.56
 31,29.48
 32,30.19
 33,30.21
 34,30.28
 35,30.32
 36,31.21
 37,32.22
 38,33.02
 39,33.42
 40,33.54
 41,34.85
 42,36.83
 43,38.13
 44,38.91
 45,39.08
 46,40.47
 47,41.12
 48,41.58
 49,42.11
 50,42.83
 51,43.37
 52,44.29
 53,44.75
 54,44.97
 55,45.52
 56,46.27
 57,46.49
 58,47.32
 59,47.66
 60,48.73
 61,49.05
 62,50.22
 63,50.56
 64,50.85
 65,50.97
 66,51.85
 67,52.69
 68,52.70
 69,53.04
 70,53.69
 71,53.44
 72,53.37
 73,54.17
 74,53.72
 75,53.52
 76,54.12
 77,54.15
 78,54.92
 79,54.88
 80,55.10
 81,54.90
 82,55.02
 83,55.99
 84,56.43
 85,57.30
 86,57.18
 87,57.79
 88,58.37
 89,58.64
 90,58.91
 91,58.80
 92,59.76
 93,60.49
 94,60.85
 95,61.58
 96,61.29
 97,61.65
 98,61.70
 99,61.43
Run 2 Of 10 Complete
  0,12.01
  1,12.87
  2,13.36
  3,14.42
  4,15.05
  5,15.11
  6,15.82
  7,16.51
  8,16.72
  9,16.06
 10,15.62
 11,15.31
 12,15.61
 13,15.81
 14,15.84
 15,15.89
 16,15.76
 17,15.72
 18,16.13
 19,15.37
 20,15.40
 21,15.65
 22,15.68
 23,16.16
 24,16.72
 25,16.38
 26,16.61
 27,17.01
 28,17.19
 29,17.20
 30,19.52
 31,21.09
 32,23.70
 33,24.26
 34,26.01
 35,26.79
 36,26.40
 37,27.50
 38,29.55
 39,29.83
 40,30.66
 41,31.24
 42,31.40
 43,31.07
 44,31.09
 45,32.35
 46,33.55
 47,35.95
 48,36.50
 49,35.61
 50,36.04
 51,35.42
 52,35.61
 53,35.28
 54,35.93
 55,36.50
 56,36.44
 57,35.53
 58,36.41
 59,37.39
 60,37.59
 61,38.51
 62,38.50
 63,38.31
 64,38.18
 65,38.50
 66,38.51
 67,38.76
 68,38.00
 69,37.70
 70,37.29
 71,36.84
 72,36.63
 73,36.32
 74,35.92
 75,35.19
 76,35.92
 77,35.63
 78,36.59
 79,36.56
 80,36.67
 81,36.71
 82,36.13
 83,36.06
 84,36.53
 85,36.43
 86,36.75
 87,36.53
 88,36.58
 89,37.16
 90,37.04
 91,37.68
 92,37.51
 93,37.09
 94,37.28
 95,37.29
 96,36.57
 97,36.73
 98,36.61
 99,36.98
Run 3 Of 10 Complete
  0,9.75
  1,9.72
  2,10.62
  3,11.31
  4,11.78
  5,10.73
  6,10.48
  7,10.43
  8,10.84
  9,11.02
 10,11.19
 11,11.94
 12,12.07
 13,12.69
 14,13.45
 15,14.06
 16,14.59
 17,15.12
 18,15.25
 19,15.65
 20,15.87
 21,16.71
 22,17.17
 23,17.36
 24,18.31
 25,19.00
 26,20.19
 27,21.60
 28,22.20
 29,22.15
 30,21.89
 31,21.89
 32,22.44
 33,22.96
 34,24.38
 35,24.87
 36,25.35
 37,26.46
 38,26.98
 39,28.14
 40,29.04
 41,30.65
 42,31.67
 43,33.11
 44,33.56
 45,34.41
 46,34.18
 47,34.85
 48,35.56
 49,35.37
 50,35.51
 51,35.69
 52,36.50
 53,36.45
 54,36.79
 55,37.78
 56,38.00
 57,38.38
 58,38.71
 59,38.77
 60,39.27
 61,39.45
 62,39.85
 63,40.20
 64,40.37
 65,40.57
 66,40.60
 67,40.82
 68,40.52
 69,40.99
 70,41.40
 71,41.84
 72,42.47
 73,43.20
 74,43.36
 75,43.61
 76,43.38
 77,43.34
 78,43.66
 79,43.70
 80,43.31
 81,44.04
 82,44.65
 83,44.36
 84,44.58
 85,45.24
 86,44.90
 87,44.15
 88,44.46
 89,44.90
 90,45.04
 91,44.97
 92,45.13
 93,45.66
 94,46.27
 95,45.78
 96,45.54
 97,45.54
 98,45.82
 99,46.77
Run 4 Of 10 Complete
  0,13.75
  1,15.23
  2,17.28
  3,17.73
  4,18.40
  5,18.89
  6,19.50
  7,20.53
  8,20.91
  9,21.79
 10,21.97
 11,22.02
 12,22.31
 13,22.95
 14,24.17
 15,23.83
 16,24.44
 17,24.67
 18,25.50
 19,26.81
 20,27.24
 21,26.87
 22,26.18
 23,26.86
 24,27.66
 25,27.44
 26,28.23
 27,27.82
 28,28.57
 29,28.80
 30,29.00
 31,29.98
 32,30.14
 33,30.52
 34,30.58
 35,30.65
 36,31.91
 37,31.61
 38,31.16
 39,31.91
 40,31.75
 41,31.76
 42,32.33
 43,32.86
 44,32.69
 45,32.37
 46,32.44
 47,32.79
 48,33.43
 49,33.40
 50,33.43
 51,33.44
 52,34.16
 53,34.53
 54,34.04
 55,34.55
 56,34.95
 57,34.63
 58,35.16
 59,34.58
 60,34.66
 61,35.52
 62,35.95
 63,36.63
 64,36.41
 65,35.93
 66,36.53
 67,36.16
 68,36.53
 69,36.51
 70,36.94
 71,36.44
 72,36.96
 73,37.52
 74,37.31
 75,36.93
 76,37.41
 77,36.99
 78,37.18
 79,37.08
 80,37.81
 81,38.11
 82,38.01
 83,38.23
 84,38.00
 85,37.92
 86,37.95
 87,37.78
 88,37.01
 89,36.88
 90,37.54
 91,37.61
 92,37.44
 93,37.38
 94,37.54
 95,37.53
 96,37.17
 97,37.22
 98,37.04
 99,37.07
Run 5 Of 10 Complete
  0,7.53
  1,7.80
  2,8.26
  3,8.59
  4,8.96
  5,9.02
  6,9.11
  7,9.31
  8,9.55
  9,9.69
 10,9.91
 11,10.12
 12,10.56
 13,10.89
 14,11.06
 15,11.26
 16,11.55
 17,11.83
 18,12.10
 19,12.48
 20,12.70
 21,13.17
 22,13.35
 23,13.65
 24,13.74
 25,14.25
 26,15.24
 27,15.30
 28,15.56
 29,16.04
 30,17.28
 31,18.45
 32,19.00
 33,20.32
 34,20.39
 35,21.23
 36,22.03
 37,24.47
 38,24.13
 39,25.23
 40,27.21
 41,28.20
 42,28.80
 43,30.02
 44,31.14
 45,32.22
 46,33.05
 47,33.76
 48,34.15
 49,35.08
 50,35.82
 51,36.13
 52,36.86
 53,36.56
 54,36.55
 55,36.33
 56,36.57
 57,36.73
 58,36.55
 59,37.40
 60,37.89
 61,38.44
 62,38.84
 63,39.86
 64,40.74
 65,40.86
 66,41.12
 67,41.41
 68,41.68
 69,41.37
 70,42.17
 71,42.96
 72,43.46
 73,43.82
 74,44.05
 75,44.06
 76,44.49
 77,44.66
 78,44.61
 79,44.21
 80,45.29
 81,45.25
 82,45.12
 83,45.24
 84,45.27
 85,45.94
 86,46.67
 87,47.19
 88,48.33
 89,49.39
 90,50.17
 91,50.89
 92,51.27
 93,51.46
 94,52.11
 95,52.40
 96,52.62
 97,52.25
 98,52.52
 99,52.74
Run 6 Of 10 Complete
  0,10.22
  1,10.83
  2,11.21
  3,11.71
  4,12.27
  5,12.38
  6,12.62
  7,12.50
  8,13.14
  9,13.29
 10,13.38
 11,13.92
 12,14.01
 13,14.57
 14,14.78
 15,14.43
 16,14.26
 17,13.52
 18,14.02
 19,14.27
 20,14.62
 21,14.65
 22,15.52
 23,17.17
 24,18.61
 25,19.99
 26,20.86
 27,22.36
 28,23.78
 29,24.60
 30,24.98
 31,24.97
 32,25.12
 33,26.16
 34,26.69
 35,27.92
 36,29.15
 37,29.62
 38,30.15
 39,30.29
 40,30.11
 41,30.23
 42,30.55
 43,30.94
 44,30.52
 45,31.16
 46,31.26
 47,31.33
 48,31.22
 49,31.24
 50,31.64
 51,32.21
 52,32.25
 53,32.35
 54,32.30
 55,32.16
 56,32.05
 57,32.64
 58,32.39
 59,32.11
 60,32.73
 61,32.78
 62,33.49
 63,33.80
 64,33.14
 65,33.50
 66,32.50
 67,33.06
 68,32.56
 69,32.19
 70,33.35
 71,34.34
 72,34.58
 73,35.06
 74,34.95
 75,34.95
 76,34.54
 77,34.71
 78,34.58
 79,34.98
 80,35.36
 81,35.70
 82,35.83
 83,35.43
 84,35.49
 85,36.40
 86,38.53
 87,38.15
 88,39.21
 89,40.45
 90,41.15
 91,40.13
 92,40.21
 93,40.45
 94,39.84
 95,40.77
 96,40.50
 97,40.48
 98,39.80
 99,40.24
Run 7 Of 10 Complete
  0,10.02
  1,10.88
  2,11.20
  3,11.65
  4,12.24
  5,12.12
  6,12.49
  7,12.94
  8,12.95
  9,13.28
 10,13.71
 11,14.05
 12,14.03
 13,14.55
 14,14.59
 15,14.49
 16,14.76
 17,14.96
 18,15.21
 19,15.37
 20,16.02
 21,16.12
 22,16.05
 23,16.40
 24,16.62
 25,16.34
 26,17.05
 27,18.09
 28,18.71
 29,19.36
 30,19.83
 31,19.47
 32,19.99
 33,20.55
 34,21.18
 35,21.89
 36,21.45
 37,21.84
 38,23.11
 39,24.31
 40,24.04
 41,25.04
 42,25.51
 43,24.99
 44,24.43
 45,25.20
 46,27.00
 47,26.84
 48,28.46
 49,28.57
 50,27.53
 51,27.72
 52,29.26
 53,29.76
 54,31.10
 55,32.60
 56,34.58
 57,35.82
 58,36.52
 59,37.33
 60,38.85
 61,38.69
 62,38.90
 63,39.73
 64,41.51
 65,42.53
 66,44.88
 67,45.36
 68,45.67
 69,46.48
 70,47.75
 71,47.96
 72,47.03
 73,47.79
 74,48.65
 75,47.91
 76,48.82
 77,48.48
 78,47.49
 79,47.74
 80,48.36
 81,49.03
 82,49.53
 83,49.32
 84,50.16
 85,50.52
 86,51.03
 87,51.81
 88,51.90
 89,53.08
 90,54.23
 91,53.41
 92,53.15
 93,54.01
 94,53.86
 95,54.29
 96,55.21
 97,55.21
 98,55.23
 99,54.85
Run 8 Of 10 Complete
  0,9.66
  1,9.72
  2,9.75
  3,9.76
  4,9.71
  5,9.72
  6,9.71
  7,9.71
  8,9.74
  9,9.79
 10,9.78
 11,9.83
 12,9.85
 13,9.97
 14,10.13
 15,10.49
 16,11.13
 17,11.20
 18,11.52
 19,11.59
 20,11.89
 21,12.31
 22,12.83
 23,13.01
 24,13.70
 25,14.51
 26,15.50
 27,16.40
 28,17.96
 29,18.78
 30,19.54
 31,20.79
 32,20.92
 33,21.62
 34,22.31
 35,23.22
 36,23.93
 37,24.21
 38,24.30
 39,25.26
 40,25.81
 41,27.09
 42,27.53
 43,27.65
 44,28.13
 45,28.60
 46,29.53
 47,30.78
 48,30.64
 49,31.91
 50,32.85
 51,33.23
 52,34.25
 53,34.41
 54,34.44
 55,34.34
 56,34.52
 57,35.50
 58,35.52
 59,35.83
 60,36.97
 61,36.83
 62,36.89
 63,36.59
 64,36.77
 65,36.89
 66,37.59
 67,38.46
 68,38.00
 69,38.65
 70,38.89
 71,39.83
 72,40.04
 73,39.81
 74,40.56
 75,40.92
 76,41.35
 77,42.29
 78,41.96
 79,41.77
 80,42.01
 81,42.71
 82,42.36
 83,42.74
 84,43.59
 85,44.54
 86,44.24
 87,44.59
 88,44.73
 89,45.12
 90,45.00
 91,44.96
 92,45.09
 93,45.70
 94,45.78
 95,45.51
 96,45.09
 97,45.60
 98,46.07
 99,46.11
Run 9 Of 10 Complete
  0,6.08
  1,6.63
  2,7.22
  3,7.37
  4,8.03
  5,8.88
  6,9.77
  7,10.49
  8,12.24
  9,12.71
 10,12.72
 11,13.18
 12,12.85
 13,12.89
 14,13.43
 15,13.87
 16,13.85
 17,13.94
 18,14.17
 19,14.35
 20,14.62
 21,15.02
 22,15.49
 23,15.18
 24,15.22
 25,15.79
 26,15.79
 27,15.85
 28,15.83
 29,16.46
 30,17.27
 31,17.52
 32,16.91
 33,17.32
 34,17.64
 35,17.54
 36,17.10
 37,16.31
 38,16.65
 39,16.44
 40,16.77
 41,18.03
 42,17.93
 43,18.25
 44,17.91
 45,17.85
 46,17.92
 47,17.80
 48,17.73
 49,17.24
 50,17.12
 51,17.21
 52,18.31
 53,18.43
 54,18.99
 55,19.22
 56,19.34
 57,20.88
 58,20.51
 59,21.89
 60,22.06
 61,21.88
 62,22.28
 63,22.49
 64,23.05
 65,23.62
 66,23.38
 67,23.54
 68,23.42
 69,23.59
 70,24.05
 71,24.28
 72,24.41
 73,24.69
 74,24.34
 75,24.37
 76,24.53
 77,25.45
 78,25.79
 79,26.55
 80,26.29
 81,26.74
 82,27.51
 83,27.95
 84,28.69
 85,28.94
 86,29.40
 87,30.22
 88,30.62
 89,31.65
 90,32.48
 91,31.95
 92,32.09
 93,31.18
 94,31.25
 95,30.34
 96,30.49
 97,29.73
 98,30.31
 99,29.21
Run 10 Of 10 Complete
 9.777000
10.271000
10.877000
11.264000
11.743000
11.905000
12.215000
12.525000
13.056000
13.340000
13.444000
13.773000
13.996000
14.436000
15.012000
15.120000
15.325000
15.397000
15.802000
16.206000
16.548000
17.016000
17.187000
17.552000
18.302000
18.642000
19.289000
19.982000
20.704000
21.225000
22.014000
22.718000
23.346000
23.961000
24.542000
25.116000
25.509000
26.112000
26.639000
27.234000
27.654000
28.468000
28.996000
29.456000
29.645000
30.146000
30.730000
31.242000
31.720000
31.816000
32.067000
32.221999
32.983000
33.143000
33.468000
33.850000
34.230000
34.582000
34.863000
35.263001
35.881000
36.070000
36.446000
36.803000
37.069000
37.329000
37.774999
38.063000
38.014000
38.184000
38.674999
38.928000
39.041000
39.355000
39.401000
39.261000
39.595000
39.740001
39.853000
39.900001
40.204000
40.513000
40.616000
40.712001
41.054000
41.590000
41.921000
42.081000
42.442000
43.041000
43.515000
43.438000
43.581000
43.792000
43.957000
44.079000
44.001000
44.006000
44.118000
44.141000



-----------------------------------------------------------------

Namespace(epochs=100, num_users=100, frac=0.05, minibatch=0, lr=0.1, lr_decay=0.995, momentum=0.5, dataset='mnist', iid='false', num_classes=10, gpu=0, dp_mechanism='Laplace', dp_epsilon=20.0, dp_epsilon_global=0, dp_clip=50.0, runs=10)

  0,15.54
  1,16.02
  2,16.58
  3,18.26
  4,20.69
  5,22.49
  6,23.38
  7,24.02
  8,22.74
  9,23.64
 10,23.76
 11,24.21
 12,24.73
 13,25.98
 14,27.01
 15,28.91
 16,29.81
 17,30.68
 18,31.44
 19,31.90
 20,32.83
 21,31.96
 22,32.73
 23,31.04
 24,30.26
 25,29.75
 26,29.06
 27,29.28
 28,29.99
 29,32.03
 30,33.10
 31,33.53
 32,32.60
 33,31.97
 34,32.31
 35,32.47
 36,32.04
 37,31.59
 38,33.25
 39,33.92
 40,33.77
 41,32.64
 42,33.01
 43,33.94
 44,33.35
 45,33.78
 46,34.70
 47,33.33
 48,33.14
 49,32.90
 50,31.95
 51,31.55
 52,30.36
 53,31.42
 54,30.29
 55,32.37
 56,32.92
 57,32.94
 58,32.50
 59,32.49
 60,33.26
 61,34.22
 62,33.57
 63,34.49
 64,35.01
 65,34.17
 66,35.03
 67,35.20
 68,35.80
 69,34.97
 70,36.22
 71,34.57
 72,35.48
 73,35.43
 74,35.34
 75,36.06
 76,35.77
 77,35.42
 78,35.82
 79,36.10
 80,35.27
 81,34.79
 82,33.98
 83,33.24
 84,35.17
 85,36.52
 86,37.03
 87,38.05
 88,39.39
 89,39.19
 90,39.73
 91,38.79
 92,38.94
 93,40.45
 94,40.72
 95,41.10
 96,41.00
 97,40.43
 98,41.07
 99,42.53
Run 1 Of 10 Complete
  0,9.80
  1,9.85
  2,9.87
  3,9.92
  4,9.96
  5,10.11
  6,10.35
  7,11.04
  8,11.93
  9,14.28
 10,14.04
 11,13.33
 12,14.57
 13,14.66
 14,16.23
 15,17.06
 16,16.78
 17,16.58
 18,15.75
 19,16.02
 20,17.83
 21,18.22
 22,18.55
 23,17.68
 24,17.55
 25,17.06
 26,17.05
 27,16.74
 28,17.60
 29,18.04
 30,17.61
 31,16.90
 32,16.75
 33,17.06
 34,18.40
 35,18.46
 36,20.00
 37,20.70
 38,20.49
 39,21.73
 40,22.29
 41,21.69
 42,21.51
 43,20.76
 44,20.79
 45,21.37
 46,21.83
 47,22.83
 48,22.50
 49,23.32
 50,23.28
 51,24.90
 52,25.24
 53,24.58
 54,24.99
 55,25.02
 56,24.95
 57,24.82
 58,24.83
 59,24.37
 60,26.40
 61,26.89
 62,26.64
 63,27.59
 64,28.54
 65,28.26
 66,29.54
 67,29.85
 68,29.08
 69,30.61
 70,31.18
 71,31.20
 72,31.14
 73,31.09
 74,31.13
 75,32.35
 76,32.05
 77,32.70
 78,33.02
 79,34.59
 80,35.55
 81,34.28
 82,33.99
 83,33.45
 84,32.83
 85,32.65
 86,31.40
 87,31.89
 88,31.29
 89,29.91
 90,29.96
 91,30.09
 92,29.57
 93,31.50
 94,31.77
 95,33.60
 96,34.53
 97,36.10
 98,37.58
 99,36.96
Run 2 Of 10 Complete
  0,10.25
  1,10.24
  2,10.49
  3,10.62
  4,10.91
  5,11.95
  6,11.01
  7,11.12
  8,10.80
  9,10.76
 10,10.86
 11,10.53
 12,10.71
 13,11.43
 14,10.84
 15,10.70
 16,10.88
 17,11.37
 18,12.21
 19,12.68
 20,12.22
 21,12.74
 22,13.46
 23,14.22
 24,14.59
 25,13.70
 26,13.52
 27,14.66
 28,15.93
 29,17.31
 30,19.74
 31,18.41
 32,23.15
 33,26.19
 34,28.30
 35,28.45
 36,28.52
 37,29.79
 38,30.40
 39,30.92
 40,30.54
 41,29.38
 42,31.64
 43,31.37
 44,30.91
 45,31.88
 46,33.09
 47,33.49
 48,34.36
 49,35.98
 50,35.82
 51,35.18
 52,35.09
 53,35.80
 54,36.58
 55,37.76
 56,37.92
 57,37.22
 58,37.30
 59,37.72
 60,36.76
 61,38.01
 62,38.09
 63,37.82
 64,37.49
 65,36.35
 66,37.03
 67,36.28
 68,36.68
 69,36.76
 70,36.33
 71,36.34
 72,36.28
 73,35.98
 74,35.38
 75,36.32
 76,35.71
 77,37.23
 78,37.27
 79,38.80
 80,39.93
 81,39.91
 82,41.92
 83,40.94
 84,41.11
 85,42.08
 86,41.37
 87,41.02
 88,41.31
 89,42.01
 90,41.41
 91,41.21
 92,42.04
 93,42.00
 94,42.11
 95,43.22
 96,43.98
 97,44.37
 98,44.81
 99,45.10
Run 3 Of 10 Complete
  0,10.05
  1,10.15
  2,10.23
  3,10.26
  4,10.39
  5,10.47
  6,10.36
  7,10.51
  8,10.44
  9,10.66
 10,10.52
 11,10.51
 12,10.64
 13,10.85
 14,11.31
 15,11.42
 16,11.60
 17,12.64
 18,12.39
 19,12.18
 20,13.36
 21,13.98
 22,14.20
 23,13.01
 24,12.73
 25,13.36
 26,14.26
 27,13.10
 28,14.21
 29,14.68
 30,15.03
 31,15.68
 32,16.12
 33,16.45
 34,17.52
 35,15.71
 36,15.83
 37,14.70
 38,15.31
 39,15.85
 40,16.83
 41,17.15
 42,17.64
 43,18.65
 44,18.39
 45,16.88
 46,16.91
 47,15.05
 48,16.87
 49,20.18
 50,21.49
 51,21.68
 52,25.71
 53,25.10
 54,27.26
 55,29.50
 56,29.20
 57,28.84
 58,27.59
 59,26.40
 60,27.08
 61,27.25
 62,29.01
 63,28.41
 64,30.82
 65,29.75
 66,32.11
 67,34.90
 68,34.49
 69,36.55
 70,37.38
 71,37.54
 72,37.79
 73,37.75
 74,37.25
 75,34.77
 76,35.84
 77,36.99
 78,38.35
 79,38.27
 80,38.54
 81,37.86
 82,36.89
 83,35.03
 84,37.55
 85,38.27
 86,37.75
 87,36.65
 88,38.01
 89,37.55
 90,39.22
 91,38.74
 92,39.43
 93,38.70
 94,38.70
 95,39.49
 96,39.54
 97,39.83
 98,38.97
 99,39.42
Run 4 Of 10 Complete
  0,11.35
  1,11.35
  2,11.35
  3,11.35
  4,11.35
  5,11.39
  6,11.40
  7,11.45
  8,11.44
  9,11.40
 10,11.39
 11,12.01
 12,12.29
 13,14.21
 14,15.95
 15,17.65
 16,16.62
 17,16.86
 18,18.27
 19,18.86
 20,20.58
 21,21.65
 22,22.91
 23,23.24
 24,24.16
 25,23.33
 26,23.83
 27,24.35
 28,24.63
 29,24.71
 30,24.93
 31,25.75
 32,25.45
 33,26.76
 34,25.92
 35,25.26
 36,25.10
 37,25.43
 38,25.55
 39,25.44
 40,23.98
 41,23.41
 42,24.06
 43,25.75
 44,26.50
 45,25.18
 46,24.11
 47,25.89
 48,25.96
 49,26.05
 50,28.04
 51,28.76
 52,29.27
 53,27.95
 54,28.21
 55,28.39
 56,28.87
 57,30.06
 58,30.25
 59,30.34
 60,30.72
 61,30.35
 62,31.46
 63,31.72
 64,33.22
 65,33.04
 66,34.69
 67,34.06
 68,34.45
 69,34.22
 70,34.45
 71,35.19
 72,36.08
 73,36.32
 74,37.94
 75,37.43
 76,36.59
 77,36.45
 78,36.47
 79,36.70
 80,36.70
 81,36.03
 82,36.82
 83,38.28
 84,38.05
 85,39.60
 86,40.03
 87,39.63
 88,41.34
 89,40.69
 90,42.04
 91,43.18
 92,45.47
 93,45.57
 94,46.50
 95,47.03
 96,47.16
 97,48.14
 98,47.42
 99,47.08
Run 5 Of 10 Complete
  0,10.10
  1,10.11
  2,9.98
  3,10.29
  4,10.11
  5,9.65
  6,9.42
  7,10.02
  8,10.68
  9,12.18
 10,13.30
 11,13.16
 12,14.79
 13,16.30
 14,15.74
 15,17.09
 16,15.75
 17,15.68
 18,18.10
 19,19.47
 20,20.48
 21,20.71
 22,20.03
 23,19.89
 24,19.17
 25,18.79
 26,18.03
 27,19.61
 28,20.83
 29,20.51
 30,20.68
 31,19.74
 32,19.20
 33,20.37
 34,19.91
 35,19.70
 36,21.87
 37,21.23
 38,21.71
 39,20.97
 40,21.32
 41,20.48
 42,19.00
 43,18.51
 44,19.01
 45,20.17
 46,19.69
 47,20.24
 48,19.89
 49,20.42
 50,20.48
 51,21.68
 52,21.75
 53,22.89
 54,21.94
 55,22.15
 56,24.22
 57,25.30
 58,25.37
 59,24.45
 60,24.29
 61,22.92
 62,23.65
 63,23.81
 64,25.76
 65,25.53
 66,26.39
 67,26.40
 68,25.66
 69,28.22
 70,28.75
 71,29.62
 72,30.23
 73,30.33
 74,30.00
 75,29.46
 76,29.77
 77,31.70
 78,32.55
 79,32.38
 80,29.91
 81,28.99
 82,29.86
 83,31.46
 84,30.75
 85,31.43
 86,34.66
 87,35.22
 88,35.11
 89,35.25
 90,35.29
 91,35.25
 92,35.22
 93,36.08
 94,36.50
 95,35.44
 96,36.01
 97,36.73
 98,37.77
 99,36.48
Run 6 Of 10 Complete
  0,6.15
  1,6.54
  2,5.84
  3,6.49
  4,6.54
  5,6.99
  6,8.49
  7,8.28
  8,7.99
  9,9.65
 10,9.98
 11,10.42
 12,10.54
 13,10.95
 14,11.52
 15,12.32
 16,14.48
 17,14.47
 18,14.99
 19,15.68
 20,18.00
 21,19.02
 22,19.15
 23,19.38
 24,18.18
 25,18.81
 26,18.84
 27,18.86
 28,19.58
 29,19.41
 30,17.89
 31,19.72
 32,18.96
 33,19.86
 34,20.57
 35,20.77
 36,20.05
 37,20.97
 38,21.75
 39,21.83
 40,23.80
 41,25.60
 42,27.83
 43,28.28
 44,29.31
 45,30.23
 46,30.48
 47,30.41
 48,31.32
 49,31.52
 50,33.24
 51,33.88
 52,33.68
 53,35.17
 54,35.26
 55,35.28
 56,36.13
 57,37.44
 58,38.08
 59,38.15
 60,37.37
 61,37.79
 62,37.55
 63,38.36
 64,38.44
 65,38.88
 66,39.38
 67,38.37
 68,38.43
 69,37.88
 70,37.84
 71,39.20
 72,39.54
 73,39.86
 74,39.88
 75,39.83
 76,39.90
 77,40.73
 78,40.98
 79,41.38
 80,40.95
 81,40.81
 82,42.06
 83,41.53
 84,41.07
 85,42.13
 86,42.66
 87,43.17
 88,43.12
 89,43.16
 90,42.00
 91,41.22
 92,40.80
 93,40.80
 94,40.91
 95,40.82
 96,41.14
 97,40.40
 98,41.41
 99,42.17
Run 7 Of 10 Complete
  0,11.70
  1,12.38
  2,12.43
  3,12.35
  4,13.44
  5,13.75
  6,13.68
  7,13.02
  8,13.26
  9,13.58
 10,13.87
 11,13.92
 12,13.84
 13,14.60
 14,13.19
 15,13.37
 16,14.56
 17,14.09
 18,14.86
 19,14.83
 20,15.25
 21,14.74
 22,14.99
 23,15.23
 24,15.99
 25,16.05
 26,16.11
 27,15.31
 28,15.59
 29,15.37
 30,15.21
 31,14.58
 32,14.61
 33,14.47
 34,13.81
 35,15.38
 36,16.36
 37,16.85
 38,18.19
 39,19.24
 40,19.05
 41,20.20
 42,22.02
 43,21.62
 44,22.16
 45,24.03
 46,24.96
 47,25.77
 48,27.17
 49,29.89
 50,32.41
 51,32.79
 52,32.69
 53,33.77
 54,34.84
 55,35.03
 56,36.69
 57,37.38
 58,37.37
 59,36.19
 60,37.28
 61,37.82
 62,38.77
 63,37.68
 64,38.83
 65,39.35
 66,39.70
 67,39.22
 68,38.99
 69,40.61
 70,42.19
 71,40.19
 72,41.61
 73,42.00
 74,41.61
 75,41.42
 76,41.76
 77,43.35
 78,44.35
 79,46.10
 80,46.38
 81,46.54
 82,48.08
 83,49.01
 84,47.51
 85,48.36
 86,48.73
 87,48.67
 88,48.01
 89,49.60
 90,48.07
 91,49.06
 92,50.01
 93,50.52
 94,48.48
 95,49.17
 96,49.08
 97,48.67
 98,48.55
 99,48.38
Run 8 Of 10 Complete
  0,10.35
  1,10.34
  2,10.37
  3,10.36
  4,10.55
  5,10.99
  6,11.98
  7,11.47
  8,11.51
  9,13.09
 10,14.84
 11,15.53
 12,16.83
 13,18.32
 14,17.98
 15,19.25
 16,18.34
 17,18.36
 18,21.54
 19,22.01
 20,23.54
 21,24.10
 22,24.60
 23,24.79
 24,25.90
 25,29.19
 26,29.67
 27,28.78
 28,28.27
 29,28.94
 30,31.65
 31,31.63
 32,31.65
 33,31.27
 34,31.22
 35,32.35
 36,33.06
 37,33.64
 38,34.19
 39,36.66
 40,37.35
 41,37.20
 42,35.82
 43,36.16
 44,36.19
 45,36.32
 46,38.74
 47,39.80
 48,39.63
 49,38.95
 50,38.28
 51,36.99
 52,38.68
 53,38.78
 54,39.91
 55,42.25
 56,42.49
 57,42.10
 58,42.83
 59,43.14
 60,42.07
 61,42.62
 62,41.98
 63,41.51
 64,43.83
 65,46.80
 66,45.19
 67,46.87
 68,44.44
 69,43.44
 70,43.50
 71,43.82
 72,45.05
 73,45.33
 74,45.65
 75,44.98
 76,44.80
 77,44.77
 78,44.46
 79,44.25
 80,46.24
 81,44.95
 82,45.04
 83,44.12
 84,43.94
 85,42.56
 86,42.76
 87,43.61
 88,47.05
 89,46.30
 90,45.14
 91,45.77
 92,46.78
 93,45.20
 94,46.02
 95,44.54
 96,44.27
 97,44.05
 98,45.79
 99,45.84
Run 9 Of 10 Complete
  0,14.38
  1,15.21
  2,15.62
  3,15.62
  4,15.18
  5,15.50
  6,15.93
  7,16.20
  8,16.05
  9,16.45
 10,16.27
 11,16.38
 12,16.65
 13,16.84
 14,17.73
 15,18.02
 16,19.81
 17,20.59
 18,19.68
 19,19.58
 20,19.63
 21,19.73
 22,20.48
 23,21.40
 24,21.58
 25,21.76
 26,22.49
 27,23.61
 28,24.28
 29,26.90
 30,26.41
 31,27.98
 32,27.59
 33,26.85
 34,25.11
 35,25.16
 36,24.16
 37,23.64
 38,24.91
 39,25.36
 40,27.03
 41,28.41
 42,28.68
 43,29.88
 44,31.70
 45,33.08
 46,33.09
 47,33.62
 48,33.07
 49,33.83
 50,33.60
 51,34.25
 52,34.57
 53,35.85
 54,35.46
 55,35.16
 56,34.67
 57,33.73
 58,33.98
 59,34.69
 60,35.06
 61,35.16
 62,33.69
 63,33.48
 64,32.65
 65,32.66
 66,32.94
 67,34.10
 68,34.73
 69,34.43
 70,37.63
 71,39.68
 72,37.47
 73,38.83
 74,39.23
 75,39.87
 76,40.24
 77,40.48
 78,40.76
 79,43.41
 80,43.81
 81,43.75
 82,43.78
 83,43.03
 84,44.92
 85,46.32
 86,46.80
 87,46.32
 88,46.83
 89,45.97
 90,46.91
 91,46.05
 92,44.88
 93,43.72
 94,44.12
 95,43.36
 96,42.00
 97,41.48
 98,42.91
 99,44.34
Run 10 Of 10 Complete
10.967000
11.219000
11.276000
11.552000
11.912000
12.329000
12.600000
12.713000
12.684000
13.569000
13.883000
14.000000
14.559000
15.414000
15.750000
16.579000
16.863000
17.132000
17.923000
18.321000
19.372000
19.685000
20.110000
19.988000
20.011000
20.180000
20.286000
20.430000
21.091000
21.790000
22.225000
22.392000
22.608000
23.125000
23.307000
23.371000
23.699000
23.854000
24.575000
25.192000
25.596000
25.616000
26.121000
26.492000
26.831000
27.292000
27.760000
28.043000
28.391000
29.304000
29.859000
30.166000
30.704000
31.131000
31.474000
32.290999
32.806000
32.983000
33.010000
32.794000
33.029000
33.303000
33.441000
33.487000
34.459001
34.479000
35.200000
35.525000
35.275000
35.769000
36.547001
36.735000
37.067000
37.292000
37.341000
37.249000
37.243000
37.982000
38.402999
39.198000
39.328001
38.791000
39.242000
39.008999
39.289999
39.992001
40.318999
40.423000
41.146000
40.962999
40.977000
40.936000
41.314000
41.454000
41.583000
41.777000
41.871000
42.020000
42.628000
42.830000



-----------------------------------------------------------------

Namespace(epochs=100, num_users=100, frac=0.05, minibatch=0, lr=0.1, lr_decay=0.995, momentum=0.5, dataset='mnist', iid='false', num_classes=10, gpu=0, dp_mechanism='Laplace', dp_epsilon=10.0, dp_epsilon_global=0, dp_clip=50.0, runs=10)

  0,3.99
  1,3.90
  2,4.59
  3,4.50
  4,5.94
  5,7.05
  6,8.70
  7,9.77
  8,10.36
  9,9.10
 10,10.89
 11,12.56
 12,9.20
 13,10.90
 14,12.34
 15,15.40
 16,15.76
 17,12.69
 18,15.99
 19,15.02
 20,14.82
 21,13.89
 22,14.17
 23,12.55
 24,12.77
 25,13.19
 26,13.63
 27,12.48
 28,17.07
 29,19.37
 30,17.85
 31,18.84
 32,18.50
 33,18.79
 34,19.04
 35,18.85
 36,18.82
 37,17.36
 38,15.95
 39,13.74
 40,14.61
 41,13.26
 42,13.02
 43,12.49
 44,14.65
 45,16.48
 46,15.24
 47,14.10
 48,16.60
 49,20.00
 50,19.21
 51,17.49
 52,15.13
 53,15.51
 54,14.86
 55,14.50
 56,14.43
 57,12.96
 58,12.57
 59,12.25
 60,12.58
 61,13.07
 62,13.48
 63,14.11
 64,13.35
 65,14.01
 66,14.15
 67,15.87
 68,17.02
 69,17.97
 70,19.22
 71,18.82
 72,21.15
 73,19.74
 74,20.00
 75,21.98
 76,23.60
 77,25.51
 78,25.88
 79,24.76
 80,22.63
 81,20.56
 82,22.74
 83,22.34
 84,19.93
 85,19.98
 86,21.96
 87,24.15
 88,25.10
 89,25.63
 90,25.29
 91,27.16
 92,27.16
 93,24.21
 94,24.42
 95,24.00
 96,24.15
 97,25.26
 98,24.33
 99,24.25
Run 1 Of 10 Complete
  0,10.16
  1,10.24
  2,9.94
  3,9.60
  4,10.27
  5,11.75
  6,15.14
  7,15.73
  8,14.36
  9,12.03
 10,12.47
 11,12.46
 12,14.20
 13,15.00
 14,15.77
 15,17.00
 16,18.89
 17,18.61
 18,18.96
 19,19.90
 20,20.69
 21,19.82
 22,19.76
 23,20.84
 24,22.60
 25,22.93
 26,23.43
 27,23.88
 28,22.58
 29,20.83
 30,21.59
 31,21.60
 32,23.10
 33,21.95
 34,21.38
 35,22.64
 36,23.78
 37,22.55
 38,22.47
 39,22.45
 40,22.94
 41,22.74
 42,22.66
 43,21.95
 44,23.03
 45,24.54
 46,25.25
 47,27.08
 48,29.95
 49,28.23
 50,26.74
 51,26.26
 52,28.89
 53,30.80
 54,30.47
 55,28.69
 56,27.51
 57,26.66
 58,27.44
 59,29.43
 60,28.88
 61,28.35
 62,27.91
 63,28.28
 64,27.48
 65,26.03
 66,27.13
 67,26.79
 68,29.77
 69,30.11
 70,30.02
 71,31.19
 72,30.64
 73,31.71
 74,31.69
 75,31.94
 76,33.03
 77,31.94
 78,33.62
 79,34.56
 80,34.25
 81,32.50
 82,33.41
 83,32.76
 84,33.59
 85,34.18
 86,33.39
 87,32.44
 88,34.04
 89,33.41
 90,32.55
 91,31.40
 92,32.40
 93,32.58
 94,31.54
 95,31.64
 96,31.31
 97,29.79
 98,30.36
 99,32.23
Run 2 Of 10 Complete
  0,12.66
  1,14.01
  2,14.19
  3,14.29
  4,14.01
  5,13.49
  6,16.62
  7,18.24
  8,16.32
  9,19.62
 10,21.88
 11,19.27
 12,19.45
 13,18.90
 14,18.49
 15,16.57
 16,19.12
 17,16.85
 18,19.93
 19,19.63
 20,16.38
 21,14.87
 22,17.14
 23,17.68
 24,17.77
 25,18.49
 26,19.16
 27,18.89
 28,19.05
 29,18.45
 30,20.38
 31,20.16
 32,21.02
 33,24.07
 34,24.24
 35,22.93
 36,19.41
 37,17.74
 38,19.57
 39,17.08
 40,18.12
 41,17.38
 42,15.13
 43,16.07
 44,18.83
 45,17.50
 46,16.97
 47,17.62
 48,16.61
 49,16.86
 50,18.13
 51,19.18
 52,17.09
 53,18.03
 54,15.44
 55,18.84
 56,18.38
 57,18.21
 58,20.02
 59,20.95
 60,21.71
 61,21.36
 62,22.28
 63,24.37
 64,28.79
 65,29.00
 66,26.55
 67,26.47
 68,27.97
 69,30.93
 70,27.30
 71,29.73
 72,30.77
 73,30.90
 74,31.63
 75,27.53
 76,27.03
 77,32.35
 78,31.88
 79,32.76
 80,34.63
 81,35.78
 82,35.27
 83,35.90
 84,34.24
 85,33.92
 86,34.79
 87,34.33
 88,33.74
 89,28.92
 90,32.71
 91,34.65
 92,31.76
 93,30.87
 94,31.77
 95,32.07
 96,32.74
 97,32.19
 98,33.55
 99,31.24
Run 3 Of 10 Complete
  0,12.46
  1,10.36
  2,12.13
  3,11.45
  4,10.99
  5,10.21
  6,11.26
  7,10.98
  8,14.20
  9,13.90
 10,13.43
 11,19.82
 12,20.52
 13,21.07
 14,22.97
 15,21.13
 16,17.00
 17,15.31
 18,13.19
 19,13.80
 20,14.25
 21,13.31
 22,16.79
 23,21.60
 24,23.08
 25,28.18
 26,28.69
 27,27.93
 28,28.40
 29,29.06
 30,27.12
 31,29.01
 32,27.30
 33,26.40
 34,24.42
 35,26.21
 36,26.75
 37,26.37
 38,24.93
 39,23.66
 40,22.52
 41,24.53
 42,25.29
 43,24.59
 44,23.21
 45,23.95
 46,24.02
 47,23.02
 48,22.36
 49,23.39
 50,23.68
 51,22.71
 52,23.24
 53,23.53
 54,23.50
 55,21.11
 56,21.87
 57,22.04
 58,23.34
 59,23.51
 60,24.49
 61,25.42
 62,24.89
 63,24.83
 64,24.50
 65,26.81
 66,25.50
 67,26.85
 68,27.84
 69,29.84
 70,28.08
 71,27.35
 72,28.36
 73,29.67
 74,30.15
 75,28.81
 76,29.53
 77,30.83
 78,29.33
 79,29.58
 80,30.50
 81,29.19
 82,30.87
 83,32.56
 84,30.26
 85,31.48
 86,32.20
 87,32.95
 88,32.03
 89,31.13
 90,30.27
 91,31.41
 92,33.51
 93,35.10
 94,35.05
 95,36.67
 96,38.73
 97,41.01
 98,40.95
 99,39.90
Run 4 Of 10 Complete
  0,9.01
  1,8.19
  2,5.47
  3,4.82
  4,4.21
  5,5.69
  6,4.77
  7,5.28
  8,9.04
  9,8.45
 10,9.17
 11,11.97
 12,14.34
 13,15.21
 14,16.21
 15,16.59
 16,14.18
 17,14.39
 18,13.83
 19,15.00
 20,13.09
 21,14.59
 22,15.29
 23,15.47
 24,13.52
 25,10.41
 26,10.97
 27,11.69
 28,12.02
 29,14.06
 30,10.78
 31,10.57
 32,9.53
 33,13.76
 34,17.72
 35,18.89
 36,16.48
 37,18.23
 38,23.55
 39,24.89
 40,24.91
 41,25.75
 42,26.28
 43,25.38
 44,26.30
 45,24.30
 46,23.50
 47,23.36
 48,23.08
 49,24.23
 50,24.28
 51,23.64
 52,22.27
 53,21.34
 54,23.28
 55,23.87
 56,22.57
 57,24.80
 58,25.42
 59,26.55
 60,26.89
 61,25.80
 62,26.58
 63,25.92
 64,27.36
 65,27.07
 66,26.89
 67,26.33
 68,27.54
 69,27.77
 70,26.46
 71,29.08
 72,28.73
 73,29.91
 74,29.70
 75,28.03
 76,29.04
 77,28.44
 78,28.82
 79,28.83
 80,28.48
 81,28.41
 82,26.89
 83,25.80
 84,27.13
 85,27.31
 86,27.79
 87,27.49
 88,28.81
 89,28.88
 90,28.80
 91,30.36
 92,29.13
 93,28.90
 94,27.40
 95,28.76
 96,28.93
 97,29.89
 98,27.79
 99,28.11
Run 5 Of 10 Complete
  0,10.08
  1,10.01
  2,9.71
  3,10.03
  4,10.30
  5,10.55
  6,10.61
  7,9.92
  8,9.62
  9,9.97
 10,9.92
 11,10.86
 12,10.65
 13,10.78
 14,10.19
 15,10.20
 16,10.64
 17,11.08
 18,10.55
 19,10.40
 20,10.52
 21,10.50
 22,11.28
 23,11.51
 24,11.33
 25,10.88
 26,12.83
 27,16.22
 28,12.71
 29,13.75
 30,11.82
 31,12.34
 32,13.16
 33,14.67
 34,15.53
 35,15.60
 36,16.84
 37,19.67
 38,15.17
 39,18.59
 40,19.99
 41,18.62
 42,20.00
 43,20.62
 44,19.77
 45,18.89
 46,19.18
 47,18.48
 48,16.17
 49,14.87
 50,15.51
 51,17.14
 52,18.79
 53,21.16
 54,20.94
 55,20.15
 56,19.69
 57,21.44
 58,22.25
 59,20.03
 60,20.32
 61,19.58
 62,20.46
 63,21.71
 64,21.00
 65,19.95
 66,20.39
 67,20.42
 68,22.02
 69,18.61
 70,19.83
 71,22.16
 72,24.07
 73,22.47
 74,21.05
 75,20.27
 76,21.95
 77,22.26
 78,20.72
 79,22.56
 80,22.88
 81,22.75
 82,22.37
 83,23.66
 84,24.15
 85,25.06
 86,23.59
 87,24.62
 88,22.80
 89,23.29
 90,24.53
 91,25.83
 92,24.78
 93,25.43
 94,27.05
 95,26.03
 96,26.89
 97,27.87
 98,28.17
 99,26.95
Run 6 Of 10 Complete
  0,9.42
  1,9.23
  2,8.04
  3,6.92
  4,9.21
  5,10.90
  6,12.19
  7,12.91
  8,13.31
  9,14.10
 10,15.60
 11,16.15
 12,15.37
 13,17.57
 14,15.23
 15,15.32
 16,14.33
 17,17.34
 18,18.17
 19,17.39
 20,19.44
 21,18.59
 22,17.91
 23,17.25
 24,15.36
 25,17.03
 26,18.62
 27,16.68
 28,15.95
 29,15.18
 30,13.92
 31,14.62
 32,16.53
 33,17.62
 34,18.67
 35,17.35
 36,16.44
 37,16.78
 38,18.62
 39,17.63
 40,17.01
 41,17.42
 42,19.20
 43,19.44
 44,21.09
 45,21.62
 46,18.35
 47,20.45
 48,17.44
 49,17.51
 50,19.48
 51,20.13
 52,20.67
 53,20.85
 54,20.71
 55,20.06
 56,19.13
 57,20.84
 58,21.21
 59,21.71
 60,21.87
 61,22.12
 62,22.01
 63,22.01
 64,22.60
 65,23.12
 66,24.06
 67,24.88
 68,24.25
 69,24.92
 70,25.81
 71,25.68
 72,26.84
 73,25.54
 74,23.81
 75,23.70
 76,24.28
 77,25.10
 78,26.55
 79,25.44
 80,25.83
 81,27.02
 82,28.31
 83,27.86
 84,28.55
 85,26.00
 86,27.55
 87,26.98
 88,25.83
 89,23.79
 90,23.29
 91,24.22
 92,24.20
 93,24.35
 94,24.70
 95,24.80
 96,24.46
 97,23.75
 98,23.48
 99,23.16
Run 7 Of 10 Complete
  0,8.98
  1,9.27
  2,9.72
  3,9.32
  4,9.65
  5,9.93
  6,10.87
  7,11.71
  8,11.34
  9,11.91
 10,12.68
 11,12.43
 12,11.99
 13,14.26
 14,17.48
 15,19.57
 16,19.01
 17,20.08
 18,19.10
 19,21.22
 20,21.77
 21,20.76
 22,21.73
 23,23.23
 24,20.11
 25,20.10
 26,18.66
 27,19.55
 28,19.85
 29,20.84
 30,21.48
 31,22.62
 32,22.38
 33,20.29
 34,21.48
 35,20.89
 36,21.82
 37,23.44
 38,24.26
 39,22.46
 40,22.63
 41,24.41
 42,24.14
 43,30.55
 44,28.68
 45,31.11
 46,34.90
 47,35.98
 48,34.57
 49,31.05
 50,29.68
 51,32.05
 52,30.46
 53,33.22
 54,34.84
 55,31.17
 56,30.17
 57,30.44
 58,27.44
 59,26.49
 60,27.85
 61,26.17
 62,25.11
 63,25.80
 64,23.77
 65,20.96
 66,19.43
 67,23.26
 68,26.37
 69,27.64
 70,29.56
 71,28.97
 72,30.46
 73,29.27
 74,31.75
 75,33.53
 76,34.81
 77,33.85
 78,35.82
 79,37.68
 80,35.87
 81,36.46
 82,35.74
 83,36.64
 84,37.47
 85,36.42
 86,36.04
 87,36.76
 88,36.15
 89,37.08
 90,36.77
 91,38.48
 92,38.72
 93,38.76
 94,37.93
 95,37.43
 96,38.12
 97,37.59
 98,39.32
 99,40.20
Run 8 Of 10 Complete
  0,14.63
  1,14.77
  2,16.33
  3,12.25
  4,11.60
  5,12.78
  6,13.15
  7,15.63
  8,14.89
  9,20.50
 10,19.99
 11,22.54
 12,25.09
 13,22.23
 14,19.56
 15,18.49
 16,18.63
 17,19.66
 18,20.68
 19,21.30
 20,18.22
 21,20.40
 22,21.33
 23,23.63
 24,23.11
 25,23.01
 26,21.55
 27,21.03
 28,21.48
 29,22.03
 30,23.39
 31,22.83
 32,21.72
 33,20.47
 34,19.14
 35,19.44
 36,19.52
 37,20.42
 38,19.64
 39,19.72
 40,20.75
 41,21.11
 42,22.82
 43,21.09
 44,20.92
 45,22.32
 46,23.11
 47,23.61
 48,24.42
 49,23.74
 50,23.44
 51,24.36
 52,24.71
 53,25.11
 54,25.57
 55,26.93
 56,25.42
 57,25.38
 58,25.99
 59,26.47
 60,27.56
 61,26.01
 62,25.80
 63,25.77
 64,26.41
 65,24.73
 66,24.66
 67,25.59
 68,26.40
 69,28.07
 70,26.33
 71,27.32
 72,26.30
 73,24.99
 74,28.46
 75,29.51
 76,28.06
 77,30.68
 78,27.94
 79,31.95
 80,34.25
 81,36.19
 82,33.99
 83,35.37
 84,35.12
 85,35.57
 86,34.78
 87,33.69
 88,33.54
 89,33.09
 90,33.26
 91,32.13
 92,31.57
 93,30.54
 94,30.41
 95,29.07
 96,28.57
 97,27.69
 98,26.39
 99,27.64
Run 9 Of 10 Complete
  0,10.28
  1,10.28
  2,10.31
  3,10.46
  4,10.65
  5,10.76
  6,10.73
  7,11.30
  8,10.78
  9,10.75
 10,11.86
 11,13.96
 12,12.45
 13,14.69
 14,18.07
 15,17.98
 16,18.29
 17,18.04
 18,16.89
 19,18.26
 20,18.78
 21,17.59
 22,16.95
 23,18.99
 24,20.94
 25,23.02
 26,23.46
 27,24.11
 28,23.60
 29,25.00
 30,25.50
 31,27.28
 32,27.39
 33,27.39
 34,27.85
 35,26.51
 36,24.33
 37,25.23
 38,21.38
 39,20.24
 40,22.61
 41,20.73
 42,20.32
 43,19.07
 44,22.25
 45,21.04
 46,24.16
 47,22.66
 48,20.73
 49,22.42
 50,20.94
 51,21.83
 52,24.71
 53,22.80
 54,23.14
 55,26.86
 56,24.17
 57,26.95
 58,26.97
 59,22.14
 60,22.23
 61,23.59
 62,26.93
 63,27.71
 64,26.71
 65,27.20
 66,29.50
 67,31.28
 68,29.55
 69,30.11
 70,27.36
 71,28.34
 72,29.91
 73,31.33
 74,32.89
 75,34.70
 76,32.74
 77,32.72
 78,31.16
 79,32.42
 80,31.03
 81,33.04
 82,34.76
 83,35.59
 84,36.82
 85,35.58
 86,32.86
 87,30.22
 88,30.29
 89,32.58
 90,31.95
 91,32.25
 92,36.18
 93,39.68
 94,38.12
 95,36.26
 96,38.39
 97,37.73
 98,36.89
 99,36.55
Run 10 Of 10 Complete
10.167000
10.026000
10.043000
 9.364000
 9.683000
10.311000
11.404000
12.147000
12.422000
13.033000
13.789000
15.202000
15.326000
16.061000
16.631000
16.825000
16.585000
16.405000
16.729000
17.192000
16.796000
16.432000
17.235000
18.275000
18.059000
18.724000
19.100000
19.246000
19.271000
19.857000
19.383000
19.987000
20.063000
20.541000
20.947000
20.931000
20.419000
20.779000
20.554000
20.046000
20.609000
20.595000
20.886000
21.125000
21.873000
22.175000
22.468000
22.636000
22.193000
22.230000
22.109000
22.479000
22.596000
23.235000
23.275000
23.218000
22.334000
22.972000
23.265000
22.953000
23.438000
23.147000
23.545000
24.051000
24.197000
23.888000
23.826000
24.774000
25.873000
26.597000
25.997000
26.864000
27.723000
27.553000
28.113000
28.000000
28.407001
29.368000
29.172000
30.054000
30.035000
30.190000
30.435000
30.848000
30.726000
30.550000
30.495000
30.363000
30.233000
29.780000
29.942000
30.789000
30.941000
31.042000
30.839000
30.673000
31.229000
31.277000
31.123000
31.023000


