
-----------------------------------------------------------------

Namespace(epochs=100, num_users=100, frac=0.2, minibatch=0, lr=0.1, lr_decay=0.995, momentum=0.5, dataset='mnist', iid='false', num_classes=10, gpu=0, dp_mechanism='no_dp', dp_epsilon=100.0, dp_epsilon_global=0, dp_clip=50.0, runs=10)

Run 1 Of 10 Complete
Run 2 Of 10 Complete
Run 3 Of 10 Complete
Run 4 Of 10 Complete
Run 5 Of 10 Complete
Run 6 Of 10 Complete
Run 7 Of 10 Complete
Run 8 Of 10 Complete
Run 9 Of 10 Complete
Run 10 Of 10 Complete
11.353000
13.365000
15.638000
18.415000
22.065000
26.057000
30.073000
33.877000
37.582000
41.125000
44.446000
47.592000
49.939000
52.265000
55.047000
57.049001
59.455001
61.017000
62.686000
64.577000
65.861000
67.890000
69.078000
70.429000
71.696000
72.921999
74.053000
74.410001
74.878000
73.343000
73.871001
74.589001
74.506000
73.353001
73.931998
75.093000
76.100000
78.921999
80.414000
81.409000
81.362000
81.531998
81.176001
80.985000
81.167000
81.581000
82.230000
82.947000
83.188001
83.686001
83.289001
84.068000
83.959000
84.211000
84.273998
84.851000
84.946999
85.438001
85.483000
85.588999
86.172001
86.267001
86.656001
86.618001
86.964000
86.942999
87.062001
87.242000
87.255000
87.547000
87.777000
87.936000
88.132999
88.428001
88.295999
88.516001
88.337000
88.836000
88.752000
89.149000
89.201002
89.298000
89.291000
89.635001
89.423000
89.808001
89.635000
90.040001
89.965001
90.454000
90.291000
90.558000
90.351999
90.766999
90.591998
90.960000
90.909001
91.138000
91.031001
91.170000



-----------------------------------------------------------------

Namespace(epochs=100, num_users=50, frac=0.2, minibatch=0, lr=0.1, lr_decay=0.995, momentum=0.5, dataset='mnist', iid='false', num_classes=10, gpu=0, dp_mechanism='no_dp', dp_epsilon=100.0, dp_epsilon_global=0, dp_clip=50.0, runs=10)

Run 1 Of 10 Complete
Run 2 Of 10 Complete
Run 3 Of 10 Complete
Run 4 Of 10 Complete
Run 5 Of 10 Complete
Run 6 Of 10 Complete
Run 7 Of 10 Complete
Run 8 Of 10 Complete
Run 9 Of 10 Complete
Run 10 Of 10 Complete
12.107000
14.874000
17.376000
19.826000
22.714000
25.693000
29.037000
32.866000
36.920000
40.638000
43.511000
46.034999
48.520000
51.218001
53.687999
56.113000
58.295000
60.478000
62.998000
64.997000
66.408000
67.531001
69.221999
70.335000
71.482001
71.714001
71.235000
72.611001
72.465002
76.466000
75.657000
76.199001
75.658998
78.038001
78.340000
79.288000
77.744000
79.028001
77.439000
79.646001
79.514000
81.789000
81.899999
83.118999
82.235000
83.329000
82.463000
84.019000
83.686001
84.970999
83.882999
85.387000
84.688000
86.511000
85.814000
87.263000
86.189999
87.543001
86.417999
87.647001
86.443000
87.723000
86.907002
88.266000
87.349001
88.286000
87.690000
88.726000
88.121000
89.116000
88.391001
89.304000
88.876000
89.750001
89.274999
89.874001
89.410001
90.022000
89.520000
90.212000
89.662000
90.374000
90.030000
90.676000
90.270999
90.725001
90.437000
90.841999
90.592001
91.059001
90.648000
91.057001
90.956001
91.347001
91.170000
91.424001
91.326001
91.545000
91.438000
91.657000



-----------------------------------------------------------------

Namespace(epochs=100, num_users=200, frac=0.2, minibatch=0, lr=0.1, lr_decay=0.995, momentum=0.5, dataset='mnist', iid='false', num_classes=10, gpu=0, dp_mechanism='no_dp', dp_epsilon=100.0, dp_epsilon_global=0, dp_clip=50.0, runs=10)

Run 1 Of 10 Complete
Run 2 Of 10 Complete
Run 3 Of 10 Complete
Run 4 Of 10 Complete
Run 5 Of 10 Complete
Run 6 Of 10 Complete
Run 7 Of 10 Complete
Run 8 Of 10 Complete
Run 9 Of 10 Complete
Run 10 Of 10 Complete
11.542000
13.804000
16.061000
18.461000
21.273000
24.094000
27.074000
30.403000
33.711999
36.817000
39.622000
42.542000
45.565001
48.448000
51.911999
54.701000
57.036000
59.416000
61.600000
63.957000
65.548999
67.038000
67.898000
69.307999
70.393001
71.293999
71.921000
73.134000
73.553001
73.390000
73.252999
74.304001
75.185000
76.042999
76.639000
77.785000
77.282999
76.019001
77.187001
79.470999
80.022000
80.517999
81.831999
82.213000
83.094001
82.216000
82.839000
81.814999
83.169000
82.975999
84.484000
84.463000
85.442001
84.921999
85.808999
85.544001
86.064000
85.665999
86.628999
86.438000
87.244999
87.274000
87.586001
87.605999
87.719001
88.119001
87.938000
88.071999
88.183000
88.506001
88.721000
88.929999
89.079999
88.876002
89.257999
89.251000
89.544999
89.506000
89.836001
89.817000
90.095000
90.098000
90.275000
90.238000
90.439000
90.473000
90.716000
90.733000
90.992001
90.898998
91.158001
91.117000
91.307999
91.252999
91.416998
91.426000
91.494999
91.442999
91.663000
91.606001



-----------------------------------------------------------------

Namespace(epochs=100, num_users=100, frac=0.1, minibatch=0, lr=0.1, lr_decay=0.995, momentum=0.5, dataset='mnist', iid='false', num_classes=10, gpu=0, dp_mechanism='no_dp', dp_epsilon=100.0, dp_epsilon_global=0, dp_clip=50.0, runs=10)

Run 1 Of 10 Complete
Run 2 Of 10 Complete
Run 3 Of 10 Complete
Run 4 Of 10 Complete
Run 5 Of 10 Complete
Run 6 Of 10 Complete
Run 7 Of 10 Complete
Run 8 Of 10 Complete
Run 9 Of 10 Complete
Run 10 Of 10 Complete
11.207000
13.961000
16.751000
19.819000
23.187000
27.008000
29.930000
32.668000
34.881999
36.694000
38.862000
40.800000
42.511001
44.404000
46.691000
48.819001
51.135000
53.497001
55.366000
58.168001
60.349001
62.632999
64.194000
65.302001
67.266000
68.883998
70.665999
71.877000
72.569000
73.754001
74.477000
76.328001
75.696999
76.983000
76.366001
78.601001
78.348000
78.223000
77.418000
79.045000
79.638000
79.433001
81.771999
82.117999
82.755000
83.138000
82.573000
82.870000
82.449001
83.263000
83.795999
84.483001
84.598000
84.987000
85.014000
85.485001
85.719001
85.454000
85.724000
86.488001
86.536000
87.203000
87.217001
87.235001
87.251001
87.443999
87.553001
87.722002
88.158001
88.373000
88.628001
88.697001
88.921001
89.178000
89.278001
89.410001
89.401000
89.425999
89.420000
89.609000
89.690000
89.869002
90.133000
90.410000
90.385001
90.501001
90.428001
90.592001
90.560001
90.877000
90.698000
91.134002
91.009999
91.215000
91.174001
91.421999
91.497000
91.664001
91.636999
91.853999



-----------------------------------------------------------------

Namespace(epochs=100, num_users=100, frac=0.05, minibatch=0, lr=0.1, lr_decay=0.995, momentum=0.5, dataset='mnist', iid='false', num_classes=10, gpu=0, dp_mechanism='no_dp', dp_epsilon=100.0, dp_epsilon_global=0, dp_clip=50.0, runs=10)

Run 1 Of 10 Complete
Run 2 Of 10 Complete
Run 3 Of 10 Complete
Run 4 Of 10 Complete
Run 5 Of 10 Complete
Run 6 Of 10 Complete
Run 7 Of 10 Complete
Run 8 Of 10 Complete
Run 9 Of 10 Complete
Run 10 Of 10 Complete
14.003000
15.200000
16.845000
18.871000
21.259000
23.516000
25.681000
28.448000
31.735000
34.671000
37.744000
41.441000
45.077000
47.450000
49.707999
53.173000
55.131999
57.309000
59.291999
60.646000
62.908001
63.882000
65.976000
67.941000
69.905001
70.680000
71.812001
72.140001
73.646999
73.290000
73.234002
74.699000
74.513000
76.805000
74.238000
76.423999
76.393000
79.777999
80.860001
81.261001
81.070000
81.342999
79.807999
81.558001
81.246000
84.622000
83.500999
84.806999
84.026000
84.723000
83.526000
84.756000
84.417999
85.601000
85.261000
86.124999
86.098000
87.007000
86.682000
87.101000
87.022001
87.215000
87.274000
87.328001
87.840999
88.063000
88.083999
88.609000
88.020001
88.407001
87.917001
88.432999
88.102999
89.088000
89.251000
89.134000
89.042999
89.366000
89.789001
89.782999
89.802000
89.750999
90.289999
90.228001
90.537999
90.683000
90.880000
90.782000
91.078001
90.795000
90.886999
91.014000
91.113998
91.424999
91.403001
91.551001
91.432999
91.496000
91.602000
91.495999



-----------------------------------------------------------------

Namespace(epochs=100, num_users=100, frac=0.5, minibatch=0, lr=0.1, lr_decay=0.995, momentum=0.5, dataset='mnist', iid='false', num_classes=10, gpu=0, dp_mechanism='no_dp', dp_epsilon=100.0, dp_epsilon_global=0, dp_clip=50.0, runs=10)

Run 1 Of 10 Complete
Run 2 Of 10 Complete
Run 3 Of 10 Complete
Run 4 Of 10 Complete
Run 5 Of 10 Complete
Run 6 Of 10 Complete
Run 7 Of 10 Complete
Run 8 Of 10 Complete
Run 9 Of 10 Complete
Run 10 Of 10 Complete
11.738000
14.247000
16.438000
18.440000
20.557000
23.059000
25.905000
29.069000
31.863000
34.629000
37.029000
39.525000
42.334999
45.081000
48.053001
51.012000
53.845000
56.380000
58.683001
60.714999
62.822000
64.480999
66.325000
67.845998
69.514001
70.930999
72.525001
73.344999
74.446000
74.342000
75.323000
75.812000
77.843999
77.367999
79.488999
78.969000
80.168000
79.220000
79.911001
79.937000
80.173000
80.830000
81.593999
82.107000
82.533999
82.906001
83.070000
83.449000
84.018001
84.501000
84.928001
85.277000
85.564000
85.661000
85.960999
86.142001
86.443000
86.497999
86.808000
86.770001
87.091000
87.030000
87.207999
87.109000
87.446001
87.529001
87.933001
87.963000
88.412001
88.320000
88.824001
88.638999
89.079000
88.990000
89.348999
89.300001
89.612000
89.488999
89.836001
89.732001
89.991000
89.939000
90.229001
90.191998
90.424001
90.415999
90.610999
90.627001
90.774001
90.784000
90.894001
90.925999
91.048000
91.074000
91.183000
91.200999
91.296999
91.342999
91.377000
91.464000



-----------------------------------------------------------------

Namespace(epochs=100, num_users=100, frac=0.2, minibatch=150, lr=0.1, lr_decay=0.995, momentum=0.5, dataset='mnist', iid='false', num_classes=10, gpu=0, dp_mechanism='no_dp', dp_epsilon=100.0, dp_epsilon_global=0, dp_clip=50.0, runs=10)

Run 1 Of 10 Complete
Run 2 Of 10 Complete
Run 3 Of 10 Complete
Run 4 Of 10 Complete
Run 5 Of 10 Complete
Run 6 Of 10 Complete
Run 7 Of 10 Complete
Run 8 Of 10 Complete
Run 9 Of 10 Complete
Run 10 Of 10 Complete
67.180999
84.755000
89.745000
91.873000
93.033999
93.835001
94.350001
94.791000
95.095999
95.399998
95.589999
95.802000
95.975001
96.101000
96.235999
96.364000
96.515000
96.576999
96.626000
96.737999
96.818999
96.894000
96.931001
96.961001
97.036000
97.074000
97.134999
97.189999
97.241000
97.254001
97.288000
97.361000
97.384000
97.411000
97.409000
97.478000
97.510000
97.527000
97.559000
97.613000
97.639001
97.649999
97.670001
97.704000
97.731999
97.734000
97.752999
97.765000
97.779999
97.832001
97.853999
97.861001
97.871001
97.878000
97.907001
97.926999
97.932000
97.951999
97.948000
97.995000
97.994001
98.007000
98.005000
98.013000
98.030999
98.053000
98.064999
98.081001
98.088001
98.105000
98.106000
98.112001
98.123000
98.135001
98.131000
98.139001
98.155000
98.157999
98.166000
98.169999
98.178999
98.179000
98.189001
98.207001
98.196000
98.196999
98.219000
98.214000
98.222001
98.225000
98.239000
98.238000
98.243001
98.248000
98.252000
98.259000
98.268999
98.279000
98.275000
98.294000



-----------------------------------------------------------------

Namespace(epochs=100, num_users=100, frac=0.2, minibatch=300, lr=0.1, lr_decay=0.995, momentum=0.5, dataset='mnist', iid='false', num_classes=10, gpu=0, dp_mechanism='no_dp', dp_epsilon=100.0, dp_epsilon_global=0, dp_clip=50.0, runs=10)

Run 1 Of 10 Complete
Run 2 Of 10 Complete
Run 3 Of 10 Complete
Run 4 Of 10 Complete
Run 5 Of 10 Complete
Run 6 Of 10 Complete
Run 7 Of 10 Complete
Run 8 Of 10 Complete
Run 9 Of 10 Complete
Run 10 Of 10 Complete
19.736000
38.663000
56.992000
65.072000
73.123999
78.940000
82.139999
84.291000
86.112000
87.410000
88.427000
89.081001
89.831999
90.333001
90.749999
91.155000
91.611000
91.870001
92.093999
92.418002
92.656001
92.887000
93.100001
93.256001
93.423000
93.562999
93.687000
93.840001
93.930000
94.114000
94.227000
94.373000
94.441999
94.577000
94.659001
94.782999
94.792001
94.899000
94.982000
95.087000
95.146000
95.213000
95.320000
95.349999
95.441000
95.501999
95.573001
95.645000
95.658000
95.749000
95.781001
95.860000
95.894001
95.924999
96.016999
96.022000
96.070998
96.099999
96.121001
96.189000
96.237998
96.247998
96.293001
96.313000
96.351000
96.367000
96.418000
96.449000
96.442000
96.496000
96.518999
96.549999
96.576000
96.607000
96.607000
96.637000
96.701000
96.715000
96.673000
96.733000
96.769000
96.785001
96.797999
96.788000
96.822000
96.855000
96.904000
96.883001
96.907000
96.936001
96.925999
96.975999
96.978999
96.980000
97.015000
97.020000
97.044000
97.070000
97.053000
97.114999


