
-----------------------------------------------------------------

Namespace(epochs=100, num_users=100, frac=0.05, minibatch=0, lr=0.1, lr_decay=0.995, momentum=0.5, dataset='mnist', iid='false', num_classes=10, gpu=0, dp_mechanism='Laplace', dp_epsilon=100.0, dp_epsilon_global=0, dp_clip=50.0, runs=10)

Run 1 Of 10 Complete
Run 2 Of 10 Complete
Run 3 Of 10 Complete
Run 4 Of 10 Complete
Run 5 Of 10 Complete
Run 6 Of 10 Complete
Run 7 Of 10 Complete
Run 8 Of 10 Complete
Run 9 Of 10 Complete
Run 10 Of 10 Complete
11.745000
13.557000
15.425000
17.210000
20.326000
23.447000
27.088001
30.023000
33.258000
36.091000
38.781000
41.807000
44.126000
45.868000
48.207000
50.148000
52.276999
54.554000
56.830999
58.511000
60.415000
63.073000
64.711000
66.487001
68.399000
69.739001
71.554999
71.939000
73.639001
75.269999
75.688001
76.472000
77.693999
77.689999
78.764001
79.202000
80.558001
80.706000
81.464999
81.872000
82.174000
82.472000
83.007999
83.171000
83.363000
83.887000
84.056000
84.089001
84.721999
84.885000
85.033000
84.982000
85.529001
85.358999
85.797000
85.883000
86.337000
86.168000
86.645000
86.642000
86.870000
86.901999
87.183000
87.066000
87.432000
87.490001
87.696001
87.731999
87.996000
88.052000
88.224001
88.151999
88.290000
88.257999
88.386000
88.571999
88.757000
88.818001
88.840000
89.080001
89.150000
89.044999
89.354001
89.340000
89.588999
89.589001
89.714000
89.525999
89.839999
89.617001
89.968000
89.842001
90.317000
89.928001
90.304002
90.114999
90.513999
90.198000
90.555000
90.548000



-----------------------------------------------------------------

Namespace(epochs=100, num_users=100, frac=0.05, minibatch=0, lr=0.1, lr_decay=0.995, momentum=0.5, dataset='mnist', iid='false', num_classes=10, gpu=0, dp_mechanism='Laplace', dp_epsilon=50.0, dp_epsilon_global=0, dp_clip=50.0, runs=10)

Run 1 Of 10 Complete
Run 2 Of 10 Complete
Run 3 Of 10 Complete
Run 4 Of 10 Complete
Run 5 Of 10 Complete
Run 6 Of 10 Complete
Run 7 Of 10 Complete
Run 8 Of 10 Complete
Run 9 Of 10 Complete
Run 10 Of 10 Complete
11.249000
12.773000
15.252000
18.162000
20.999000
24.670000
27.917000
31.312000
33.843000
37.490000
39.982000
43.512001
46.234000
48.756000
52.060000
54.728000
56.725999
58.953001
61.427000
63.124001
65.730000
67.570000
68.998000
70.358001
72.012001
72.522000
74.016000
74.653000
75.467000
76.345999
77.321001
78.049000
78.483001
79.234001
79.395999
80.797000
80.767999
81.727000
81.388999
81.920000
82.428999
83.031998
83.110000
83.659000
83.929001
84.073000
84.483000
84.796001
84.986000
85.311000
85.619001
85.596001
85.983000
85.885001
86.336000
86.517001
86.869001
86.739001
87.156999
86.991000
87.615000
87.209000
87.506000
87.266000
87.921001
87.584999
88.119001
88.105000
88.278000
88.477000
88.679001
88.614001
88.945000
88.850000
89.180000
89.209000
89.317001
89.242000
89.602000
89.364999
89.805000
89.789001
89.796999
89.817000
89.920000
89.861000
89.989000
90.013998
90.041000
90.290001
90.349998
90.396000
90.460001
90.581999
90.485000
90.656998
90.778001
90.848000
90.802000
90.963999



-----------------------------------------------------------------

Namespace(epochs=100, num_users=100, frac=0.05, minibatch=0, lr=0.1, lr_decay=0.995, momentum=0.5, dataset='mnist', iid='false', num_classes=10, gpu=0, dp_mechanism='Laplace', dp_epsilon=20.0, dp_epsilon_global=0, dp_clip=50.0, runs=10)

Run 1 Of 10 Complete
Run 2 Of 10 Complete
Run 3 Of 10 Complete
Run 4 Of 10 Complete
Run 5 Of 10 Complete
Run 6 Of 10 Complete
Run 7 Of 10 Complete
Run 8 Of 10 Complete
Run 9 Of 10 Complete
Run 10 Of 10 Complete
11.911000
14.460000
16.500000
18.634000
20.903000
23.553000
26.067000
29.915000
34.196000
37.415000
40.705000
42.183000
45.260000
47.762000
50.879000
54.162000
56.157000
58.871000
60.973000
62.270000
64.778001
67.172000
68.435999
69.537001
71.621999
72.131001
72.887000
73.939001
75.130001
75.757999
76.218999
77.698001
78.147000
78.559000
79.068001
79.253001
80.797998
80.454000
81.619000
81.446999
82.285001
82.696999
83.128999
83.217999
83.859000
83.919998
84.339999
84.631999
84.744000
84.820000
85.198999
85.441000
85.518999
85.276000
86.170000
85.924000
86.281001
86.268001
86.506000
86.919000
86.877001
87.228999
87.407001
87.191000
87.484000
87.700000
87.491000
87.783001
87.938000
88.020999
88.050999
88.474001
88.285000
88.517999
88.678999
88.771999
88.782000
88.924000
88.913000
89.105999
89.084999
89.365002
89.415001
89.481999
89.529000
89.639000
89.523000
89.783002
89.552001
89.891000
89.835000
90.029001
89.973998
90.265000
90.198999
90.329000
90.192000
90.446000
90.266998
90.507999



-----------------------------------------------------------------

Namespace(epochs=100, num_users=100, frac=0.05, minibatch=0, lr=0.1, lr_decay=0.995, momentum=0.5, dataset='mnist', iid='false', num_classes=10, gpu=0, dp_mechanism='Laplace', dp_epsilon=10.0, dp_epsilon_global=0, dp_clip=50.0, runs=10)

Run 1 Of 10 Complete
Run 2 Of 10 Complete
Run 3 Of 10 Complete
Run 4 Of 10 Complete
Run 5 Of 10 Complete
Run 6 Of 10 Complete
Run 7 Of 10 Complete
Run 8 Of 10 Complete
Run 9 Of 10 Complete
Run 10 Of 10 Complete
13.731000
14.184000
16.221000
18.246000
20.022000
20.330000
22.787000
25.141000
27.220000
30.411000
34.117000
37.023000
39.046000
42.918000
45.301000
49.214000
52.737000
55.478000
57.332000
60.411000
62.560999
63.387000
64.934999
66.373999
67.841000
69.311000
69.213000
71.047001
72.381001
73.470000
73.747001
74.721998
75.037000
76.276000
76.635001
77.568000
78.098000
78.327000
79.414999
79.457001
80.687000
80.804001
80.941999
81.701000
81.590001
82.493999
82.362999
82.940000
83.473000
84.155000
83.916999
84.156999
84.293999
84.476001
84.362000
85.104002
85.125999
85.711001
85.741000
85.424999
86.202001
86.432001
86.133001
86.471999
86.729001
86.725999
86.806000
87.093000
87.184000
87.193000
87.475001
87.488000
87.794000
87.839999
88.017001
88.187000
88.356001
88.527999
88.596001
88.833002
88.778001
88.916000
89.015000
89.181000
89.190000
89.122000
89.256001
89.284000
89.491000
89.544999
89.608001
89.533999
89.761000
89.753001
89.848999
89.795000
89.809999
89.956999
90.079999
89.999999


